------
------
------
------
------
[2662, 2663, 2664, 2665, 2666, 2670, 2158, 2669, 2667, 2671]
[18, 16, 19, 14, 20, 18, 15, 19, 18, 16]
------
[2670, 2663, 2664, 2665, 2666, 2662, 2668, 2669, 2667, 2671]
[18, 16, 19, 14, 20, 18, 15, 19, 18, 16]
------
[2667, 2671, 2664, 2665, 2666, 2662, 2668, 2669, 2670, 2663]
[18, 16, 19, 14, 20, 18, 15, 19, 18, 16]
------
paths
[[2662, 2663, 2664, 2665, 2666, 2670, 2158, 2669, 2667, 2671], [2670, 2663, 2664, 2665, 2666, 2662, 2668, 2669, 2667, 2671], [2667, 2671, 2664, 2665, 2666, 2662, 2668, 2669, 2670, 2663]]
------------------------------------------------------------------------------------------------------------
start node [2662, 2670, 2667]
------------------------------------------------------------------------------------------------------------
fakeNodesInteralDegrees
[2663, 2664, 2665, 2666, 2668, 2669, 2671, 2667, 2670]
fakeNodesInteralDegrees len
9
interDegreeOfNode
[2663, 2664, 2665, 2666, 2668, 2669, 2671, 2667, 2670, 2241, 2086, 2454, 2325, 2018, 2008, 2282, 2362, 2425]
8
[2663, 2664, 2665, 2666, 2668, 2669, 2671, 2667, 2670, 2241, 2086, 2454, 2325, 2018, 2008, 2282, 2362, 2425]
===========
fakeNodesInteralDegrees
[2663, 2664, 2665, 2666, 2668, 2669, 2671, 2667, 2670]
fakeNodesInteralDegrees len
9
interDegreeOfNode
[2663, 2664, 2665, 2666, 2669, 2662, 2671, 2106, 2625, 2429, 2402, 428, 2013, 2198, 2621, 2158, 2425, 2128]
7
[2663, 2664, 2665, 2666, 2669, 2662, 2671, 2106, 2625, 2429, 2402, 428, 2013, 2198, 2621, 2158, 2425, 2128]
===========
fakeNodesInteralDegrees
[2663, 2664, 2665, 2666, 2668, 2669, 2671, 2667, 2670]
fakeNodesInteralDegrees len
9
interDegreeOfNode
[2662, 2664, 2665, 2666, 2669, 2671, 2668, 2476, 2465, 2632, 2364, 2105, 1953, 2141, 2366, 2158, 1913, 2282]
7
[2662, 2664, 2665, 2666, 2669, 2671, 2668, 2476, 2465, 2632, 2364, 2105, 1953, 2141, 2366, 2158, 1913, 2282]
===========
[]
[2662, 2663, 2664, 2665, 2666, 2667, 2668, 2669, 2670, 2671]



**************
multiple graphs