preparing the graph for attack
Final Edges:
[(4038, 4014), (4038, 4027), (4038, 4031), (4038, 3989), (4038, 4023), (4038, 4020), (4038, 4004), (4038, 4013), (4038, 4040), (4038, 4047), (4038, 4049), (4014, 3982), (4014, 4030), (4014, 4023), (4014, 3985), (4014, 3986), (4014, 3998), (4014, 3995), (4014, 4021), (4014, 4037), (4014, 4017), (4014, 4042), (4032, 4027), (4027, 4002), (4027, 4020), (4027, 4031), (4027, 4006), (4027, 4048), (4019, 4026), (4019, 3997), (4019, 3994), (4019, 3998), (4019, 4030), (4019, 4009), (4019, 3981), (4019, 4045), (4026, 4000), (4026, 4017), (4026, 3995), (4026, 4030), (4026, 4021), (4026, 3986), (4026, 3982), (4026, 4040), (4026, 4045), (4023, 4003), (4023, 4031), (4023, 4030), (4023, 4004), (4023, 3997), (4023, 3982), (4023, 4009), (4023, 3981), (4023, 4034), (4023, 3998), (4023, 4002), (4023, 3995), (4023, 4013), (4023, 4018), (4023, 3994), (4023, 4046), (4003, 3982), (4003, 4009), (4003, 4030), (4003, 4044), (4003, 4045), (4018, 3997), (4018, 3994), (4018, 3998), (4018, 3981), (4018, 4030), (4018, 4041), (4018, 4042), (4018, 4043), (4018, 4045), (3997, 3994), (3997, 4030), (3997, 4021), (3997, 3981), (3997, 3982), (3997, 4009), (3997, 3998), (3997, 4041), (3997, 4042), (3997, 4043), (3997, 4044), (3997, 4045), (3997, 4046), (3997, 4048), (4031, 4002), (4031, 4011), (4031, 4020), (4031, 3991), (4031, 594), (4031, 4004), (4031, 4013), (4031, 4043), (4021, 3998), (4021, 3988), (4021, 3982), (4021, 4000), (4021, 4030), (4021, 4017), (4021, 3986), (4021, 4043), (4021, 4044), (4021, 4047), (3998, 3982), (3998, 3994), (3998, 3999), (3998, 3981), (3998, 4009), (3998, 4002), (3998, 4005), (3998, 4041), (3998, 4047), (4013, 4004), (4013, 3989), (4013, 4040), (4013, 4041), (4013, 4042), (4013, 4046), (4004, 3995), (4004, 3993), (4004, 4020), (4004, 4030), (4004, 3985), (4004, 4040), (4004, 4049), (4030, 3993), (4030, 4009), (4030, 4017), (4030, 3986), (4030, 3994), (4030, 3988), (4030, 4000), (4030, 3982), (4030, 4020), (4030, 4040), (4030, 4043), (4030, 4046), (4030, 4047), (3988, 3995), (3988, 3985), (3988, 3982), (3988, 3993), (3988, 4044), (3988, 4049), (3982, 3986), (3982, 4009), (3982, 4037), (3982, 3994), (3982, 4044), (4002, 4020), (4002, 3996), (4002, 4042), (4002, 4043), (4002, 4048), (4002, 4049), (4037, 4020), (4020, 4044), (4020, 4049), (3995, 3993), (3995, 4000), (3995, 3985), (3995, 4046), (3993, 3985), (3993, 4041), (3993, 4042), (3993, 4047), (3986, 4017), (3986, 4033), (3986, 4000), (3986, 4042), (3986, 4048), (4017, 3983), (4017, 3992), (4017, 4000), (4017, 4043), (4017, 4044), (4017, 4045), (4017, 4046), (3983, 4046), (3983, 4047), (3983, 4049), (3994, 4009), (3994, 3996), (3994, 3981), (3999, 4005), (3999, 4036), (3999, 4042), (4005, 4041), (4005, 4044), (4005, 4048), (4005, 4049), (4009, 3981), (3991, 3989), (3991, 4041), (3991, 4043), (3989, 594), (3989, 4011), (3989, 4042), (4011, 594), (4011, 4044), (4011, 4047), (3992, 4000), (3992, 4040), (3992, 4044), (3992, 4048), (3981, 4045), (4000, 4033), (3985, 4040), (3985, 4042), (3985, 4044), (3985, 4048), (594, 4048), (3996, 4028), (4029, 4001), (4001, 4045), (4001, 4047), (4001, 4048), (4025, 4016), (4025, 3990), (4025, 4007), (4016, 3990), (4016, 4007), (4016, 4046), (4016, 4047), (4034, 4040), (4034, 4047), (3990, 4007), (3990, 4045), (3990, 4047), (4036, 4047), (4036, 4048), (4033, 4044), (4012, 3987), (4012, 4045), (3987, 4045), (3987, 4048), (4006, 4040), (4006, 4041), (4006, 4049), (4040, 4043), (4040, 4045), (4040, 4046), (4040, 4048), (4040, 4049), (4040, 4041), (4040, 4042), (4040, 4044), (4043, 4041), (4043, 4042), (4043, 4044), (4043, 4046), (4043, 4047), (4043, 4049), (4043, 4048), (4045, 4041), (4045, 4042), (4045, 4044), (4045, 4046), (4046, 4042), (4046, 4044), (4046, 4048), (4046, 4049), (4046, 4047), (4048, 4041), (4048, 4047), (4048, 4049), (4049, 4042), (4049, 4044), (4049, 4047), (4041, 4042), (4041, 4047), (4042, 4044), (4042, 4047), (4047, 4044)]
------------------------------------------------------------------------------------------------------------
Final Nodes:
[4038, 4014, 4032, 4027, 4019, 4026, 4023, 4003, 4018, 3997, 4031, 4021, 3998, 4013, 4004, 4030, 3988, 3982, 4002, 4037, 4020, 3995, 3993, 3986, 4017, 3983, 3994, 3999, 4005, 4009, 3991, 3989, 4011, 3992, 3981, 4000, 3985, 594, 3996, 4029, 4001, 4025, 4016, 4034, 3990, 4036, 4033, 4007, 4028, 4012, 3987, 4006, 4040, 4043, 4045, 4046, 4048, 4049, 4041, 4042, 4047, 4044]
------------------------------------------------------------------------------------------------------------
fakeNodesExternalDegrees:
[[4034, 3992, 4004, 4006, 4013, 4026], [4013, 4006, 3993, 3991, 3998], [4014, 3989, 3999, 4002, 4013, 3993, 3986], [3991, 4021, 4031, 4017, 4002], [3988, 4003, 4017, 4021, 3982, 4033, 3992, 4020, 4011], [4017, 3990, 4026, 4019, 4003, 3987, 3981, 4001], [4013, 4017, 4023, 3995, 4016], [3993, 4021, 3998, 4011, 3990, 4001, 4016, 4036, 4034], [3992, 3987, 4036, 4001, 594, 4002, 3986, 4027], [3988, 4020, 4002, 4004, 4006]]
------------------------------------------------------------------------------------------------------------
targetNodes:
[3997, 3985, 4030, 4038, 4012, 4005, 3983, 4009, 4028, 4018]
------------------------------------------------------------------------------------------------------------
fakeNodesInteralDegrees:
[[4043, 4045, 4046, 4048, 4049, 4041, 4042, 4044], [4042, 4043, 4045, 4047, 4048, 4040], [4040, 4041, 4043, 4045, 4046, 4049, 4044, 4047], [4040, 4041, 4044, 4046, 4047, 4049, 4042, 4048], [4040, 4042, 4043, 4045, 4046, 4047, 4049], [4040, 4041, 4042, 4044, 4046], [4043, 4048, 4049, 4045, 4040, 4042, 4044, 4047], [4041, 4042, 4048, 4046, 4043, 4044, 4049], [4040, 4041, 4043, 4047, 4046, 4049], [4040, 4042, 4043, 4044, 4046, 4047, 4048]]
------------------------------------------------------------------------------------------------------------
fakeNodes:
[4040, 4041, 4042, 4043, 4044, 4045, 4046, 4047, 4048, 4049]
------------------------------------------------------------------------------------------------------------
total degree
[17, 14, 18, 16, 19, 16, 16, 19, 17, 15]
------------------------------------------------------------------------------------------------------------
fakeAndTargetNodeEdges:
[[4038, 3985, 4030], [4005, 4018, 3997], [3985, 3997, 4018], [3997, 4018, 4030], [3985, 3997, 4005], [4018, 3997, 4012], [3983, 3997, 4030], [4038, 4030, 3983], [3997, 4005, 3985], [4038, 3983, 4005]]
------------------------------------------------------------------------------------------------------------




Recovery Process started
[3997, 4040, 4048]
[3997, 3982, 4023, 4046, 4044, 4043, 4046, 4044, 4040, 4049]
[17, 14, 18, 16, 19, 16, 16, 19, 17, 15]
------
[4040, 4041, 4042, 4043, 4044, 4043, 4046, 4044, 4040, 4049]
[17, 14, 18, 16, 19, 16, 16, 19, 17, 15]
------
[4048, 4041, 4042, 4043, 4044, 4043, 4046, 4044, 4040, 4049]
[17, 14, 18, 16, 19, 16, 16, 19, 17, 15]
------
[[3997, 3982, 4023, 4046, 4044, 4043, 4046, 4044, 4040, 4049], [4040, 4041, 4042, 4043, 4044, 4043, 4046, 4044, 4040, 4049], [4048, 4041, 4042, 4043, 4044, 4043, 4046, 4044, 4040, 4049]]
start node [3997, 4040, 4048]
=============
[3997, 3982, 4023, 4046, 4044, 4043, 4046, 4044, 4040, 4049]
fakeNodesInteralDegrees
[4043, 4045, 4046, 4048, 4049, 4041, 4042, 4044]
fakeNodesInteralDegrees len
8
interDegreeOfNode
[4018, 3994, 4019, 4023, 4030, 4021, 3981, 3982, 4009, 3998, 4041, 4042, 4043, 4044, 4045, 4046, 4048]
5
[4018, 3994, 4019, 4023, 4030, 4021, 3981, 3982, 4009, 3998, 4041, 4042, 4043, 4044, 4045, 4046, 4048]
=============
[4040, 4041, 4042, 4043, 4044, 4043, 4046, 4044, 4040, 4049]
fakeNodesInteralDegrees
[4043, 4045, 4046, 4048, 4049, 4041, 4042, 4044]
fakeNodesInteralDegrees len
8
interDegreeOfNode
[4043, 4045, 4046, 4048, 4049, 4041, 4042, 4044, 4034, 3992, 4004, 4006, 4013, 4026, 4038, 3985, 4030]
6
[4043, 4045, 4046, 4048, 4049, 4041, 4042, 4044, 4034, 3992, 4004, 4006, 4013, 4026, 4038, 3985, 4030]
=============
[4048, 4041, 4042, 4043, 4044, 4043, 4046, 4044, 4040, 4049]
fakeNodesInteralDegrees
[4043, 4045, 4046, 4048, 4049, 4041, 4042, 4044]
fakeNodesInteralDegrees len
8
interDegreeOfNode
[4040, 4041, 4046, 4047, 4043, 4049, 3992, 3987, 4036, 4001, 594, 4002, 3986, 4027, 3997, 4005, 3985]
5
[4040, 4041, 4046, 4047, 4043, 4049, 3992, 3987, 4036, 4001, 594, 4002, 3986, 4027, 3997, 4005, 3985]
[]
